int B[] = {
1 ,
4 ,
16 ,
64 ,
56 ,
24 ,
96 ,
84 ,
36 ,
44 ,
76 ,
4 ,
16 ,
64 ,
56 ,
24 ,
96 ,
84 ,
36 ,
44 ,
76 ,
4 ,
16 ,
64 ,
56 ,
24 ,
96 ,
84 ,
36 ,
44 ,
76 ,
4 ,
16 ,
64 ,
56 ,
24 ,
96 ,
84 ,
36 ,
44 ,
76 ,
4 ,
16 ,
64 ,
56 ,
24 ,
96 ,
84 ,
36 ,
44 ,
76 ,
4 ,
16 ,
64 ,
56 ,
24 ,
96 ,
84 ,
36 ,
44 ,
76 ,
4 ,
16 ,
64 ,
56 ,
24 ,
96 ,
84 ,
36 ,
44 ,
76 ,
4 ,
16 ,
64 ,
56 ,
24 ,
96 ,
84 ,
36 ,
44 ,
76 ,
4 ,
16 ,
64 ,
56 ,
24 ,
96 ,
84 ,
36 ,
44 ,
76 ,
4 ,
16 ,
64 ,
56 ,
24 ,
96 ,
84 ,
36 ,
44 ,
}
