is in? 99713 1
length = 528
12899
13799
13997
14699
14879
14897
14969
15797
15887
15959
16787
17489
17579
17597
17669
17939
17957
18587
18749
18839
18947
19289
19379
19469
19559
19577
19739
19793
19919
19937
19973
19991
23789
23879
24977
25589
25679
26399
26489
26597
26669
26687
26759
26777
26849
26993
27299
27479
27749
27767
27893
27947
27983
28289
28559
28649
28793
29297
29387
29567
29819
29837
29873
29927
31799
32789
32969
32987
33599
33797
34499
34589
34679
34877
34949
35597
35759
35993
36299
36389
36479
36497
36587
36677
36749
36767
36857
36929
36947
37199
37379
37397
37649
37847
37991
38189
38459
38567
38639
38693
38729
38747
38783
38873
38891
39089
39359
39719
39791
39827
39863
39953
39971
41879
41897
41969
42689
42797
43499
43787
44579
44687
44777
44867
44939
45389
45497
45569
45587
45659
45677
45767
45893
46199
46559
46649
46757
46829
46919
47189
47279
47297
47387
47459
47639
47657
47819
47837
47963
47981
48179
48197
48449
48539
48593
48647
48809
48953
49169
49277
49367
49529
49547
49727
49853
49871
49943
50789
50969
51599
51797
51869
51977
52697
52769
52859
52967
53597
53759
53777
53849
53939
53993
54497
54767
54983
55469
55487
55667
55793
55829
56099
56369
56477
56747
56783
56873
56891
56909
56963
57089
57179
57269
57287
57467
57557
57593
57719
57737
57773
57791
57809
57881
57917
58169
58367
58439
58727
58763
58907
58943
59069
59159
59357
59393
59447
59627
59663
59753
59771
59951
60689
60779
60869
60887
61949
61967
62597
62687
62939
63299
63389
63587
63659
63839
63857
63929
64577
64667
64793
64919
64937
65099
65657
65729
65837
65927
65963
65981
66089
66179
66359
66377
66449
66467
66593
66629
66683
66791
66809
66863
67079
67169
67187
67349
67493
67547
67619
67709
67763
67853
67943
67961
68087
68447
68483
68771
69149
69239
69257
69383
69473
69491
69653
69761
69833
69941
70589
70769
70877
70949
71399
71597
71777
71849
71867
71993
72497
72767
72893
73379
73757
73847
73883
73973
74099
74189
74279
74297
74567
74729
74747
74873
74891
75269
75377
75539
75557
75629
75683
75773
76079
76259
76367
76493
76673
76781
76871
76907
76943
76961
77069
77249
77267
77339
77447
77573
77591
77681
77933
77951
78059
78167
78347
78437
78509
78653
78707
78941
79139
79193
79229
79283
79319
79337
79427
79481
79823
79841
80489
80669
80687
80777
80849
81299
81569
81677
81749
81839
81929
82469
82487
82559
82757
82793
82847
82883
83459
83477
83639
83873
83891
84089
84179
84377
84449
84467
84629
84719
84737
84809
84827
85259
85439
85619
85691
85781
85817
85853
86069
86249
86357
86573
86627
86753
86771
86843
86861
86951
87149
87257
87293
87383
87473
87491
87509
87671
87743
87833
88337
88427
88463
88607
88643
88661
89057
89237
89273
89363
89381
89417
89561
89633
90659
90677
90749
90947
91199
91397
91577
91757
92189
92297
92369
92387
92459
92567
92639
92657
92693
92927
93089
93179
93287
93377
93557
93629
93683
93719
93809
93827
93971
94079
94169
94349
94439
94529
94547
94583
94709
94727
94781
94907
94961
95087
95177
95267
95339
95393
95429
95483
95717
96059
96149
96167
96293
96329
96419
96527
96581
96671
96851
97157
97283
97373
97463
97553
97571
97607
97841
97931
98057
98129
98327
98453
98507
98543
98561
99083
99119
99137
99173
99191
99317
99371
99551
99623
99713
***13799***
***15797***
***16787***
***18749***
***19739***
***19793***
***23789***
***26759***
***26777***
***27749***
***27767***
***28793***
***31799***
***32789***
***33797***
***35759***
***36749***
***36767***
***38729***
***38747***
***38783***
***39719***
***39791***
***42797***
***43787***
***44777***
***45767***
***46757***
***49727***
***50789***
***51797***
***52769***
***53759***
***53777***
***54767***
***55793***
***56747***
***56783***
***57719***
***57737***
***57773***
***57791***
***58727***
***58763***
***59753***
***59771***
***60779***
***64793***
***65729***
***66791***
***67709***
***67763***
***68771***
***69761***
***70769***
***71777***
***72767***
***73757***
***74729***
***74747***
***75773***
***76781***
***78707***
***80777***
***81749***
***82757***
***82793***
***84719***
***84737***
***85781***
***86753***
***86771***
***87743***
***90749***
***91757***
***93719***
***94709***
***94727***
***94781***
***95717***
13799
15797
16787
18749
19739
19793
23789
26759
26777
27749
27767
28793
31799
32789
33797
35759
36749
36767
38729
38747
38783
39719
39791
42797
43787
44777
45767
46757
49727
50789
51797
52769
53759
53777
54767
55793
56747
56783
57719
57737
57773
57791
58727
58763
59753
59771
60779
64793
65729
66791
67709
67763
68771
69761
70769
71777
72767
73757
74729
74747
75773
76781
78707
80777
81749
82757
82793
84719
84737
85781
86753
86771
87743
90749
91757
93719
94709
94727
94781
95717
