20
25 60 100 25 60 100 25 60 100 25 60 100 25 60 100 25 60 100 60 100
25 60 100 25 60 100 25 60 100 25 60 100 25 60 100 25 60 100 60 100
25 60 100 25 60 100 25 60 100 25 60 100 25 60 100 25 60 100 60 100
25 60 100 25 60 100 25 60 100 25 60 100 25 60 100 25 60 100 60 100
25 60 100 25 60 100 25 60 100 25 60 100 25 60 100 25 60 100 60 100
25 60 100 25 60 100 25 60 100 25 60 100 25 60 100 25 60 100 60 100
25 60 100 25 60 100 25 60 100 25 60 100 25 60 100 25 60 100 60 100
25 60 100 25 60 100 25 60 100 25 60 100 25 60 100 25 60 100 60 100
25 60 100 25 60 100 25 60 100 25 60 100 25 60 100 25 60 100 60 100
25 60 100 25 60 100 25 60 100 25 60 100 25 60 100 25 60 100 60 100
25 60 100 25 60 100 25 60 100 25 60 100 25 60 100 25 60 100 60 100
25 60 100 25 60 100 25 60 100 25 60 100 25 60 100 25 60 100 60 100
25 60 100 25 60 100 25 60 100 25 60 100 25 60 100 25 60 100 60 100
25 60 100 25 60 100 25 60 100 25 60 100 25 60 100 25 60 100 60 100
25 60 100 25 60 100 25 60 100 25 60 100 25 60 100 25 60 100 60 100
25 60 100 25 60 100 25 60 100 25 60 100 25 60 100 25 60 100 60 100
25 60 100 25 60 100 25 60 100 25 60 100 25 60 100 25 60 100 60 100
25 60 100 25 60 100 25 60 100 25 60 100 25 60 100 25 60 100 60 100
25 60 100 25 60 100 25 60 100 25 60 100 25 60 100 25 60 100 60 100
25 60 100 25 60 100 25 60 100 25 60 100 25 60 100 25 60 100 60 100

