0 1 0 6
0 2 1 5
0 3 2 4
0 4 3 3
1 4 4 2
0 4 5 1
2 4 5 1
0 5 4 2
0 6 5 1
0 4 5 1
0 3 4 2
0 4 5 1
0 2 5 1
0 2 3 3
0 3 4 2
0 4 5 1
0 2 5 1
0 1 4 2
0 2 5 1
0 0 5 1
0 1 2 4
0 2 3 3
0 3 4 2
0 4 5 1
0 2 5 1
0 1 4 2
0 2 5 1
0 0 5 1
0 0 3 3
1 0 4 2
0 0 5 1
2 0 5 1
0 1 4 2
0 2 5 1
0 0 5 1
0 0 1 5
1 0 2 4
0 0 3 3
1 0 4 2
0 0 5 1
2 0 5 1
0 1 4 2
0 2 5 1
0 0 5 1
2 0 3 3
1 0 4 2
0 0 5 1
2 0 5 1
3 0 4 2
2 0 5 1
4 0 5 1
2 1 4 6
2 2 5 5
2 1 6 6
2 2 7 5
2 1 8 6
2 2 9 5
2 0 9 5
1 0 10 4
0 0 11 3
1 0 12 2
0 0 13 1
2 0 13 1
0 1 12 2
0 2 13 1
0 0 13 1
2 0 11 3
1 0 12 2
0 0 13 1
3 0 12 2
4 0 13 1
3 0 10 4
2 0 11 3
1 0 12 2
0 0 13 1
3 0 12 2
4 0 13 1
4 0 11 3
3 0 12 2
2 0 13 1
4 0 13 1
4 1 12 2
4 2 13 6
4 3 14 5
4 4 15 4
4 5 16 3
3 5 17 2
4 6 17 2
4 7 18 1
4 5 18 1
4 4 17 2
4 5 18 1
4 3 18 1
4 3 16 3
4 4 17 2
4 5 18 1
4 3 18 1
4 2 17 6
4 3 18 5
4 4 19 4
4 5 20 3
3 5 21 2
4 6 21 2
4 7 22 1
4 5 22 1
4 4 21 2
4 5 22 1
4 2 19 6
4 1 20 5
4 0 21 4
3 0 22 3
2 0 23 2
1 0 24 1
3 0 24 1
4 0 23 2
3 0 24 1
4 1 24 1
4 1 22 3
4 0 23 2
3 0 24 1
4 1 18 5
4 2 19 6
4 3 20 5
4 4 21 4
4 5 22 3
3 5 23 2
4 6 23 2
4 7 24 1
4 5 24 1
4 4 23 2
4 5 24 1
4 1 20 5
4 0 21 4
3 0 22 3
2 0 23 2
1 0 24 1
3 0 24 1
4 0 23 2
3 0 24 1
4 0 19 4
3 0 20 3
2 0 21 2
1 0 22 1
3 0 22 1
4 0 21 2
3 0 22 1
4 1 22 1
4 1 20 3
4 2 21 6
4 3 22 5
4 4 23 4
4 5 24 3
4 6 25 2
4 7 26 1
4 5 26 1
4 4 25 2
4 5 26 1
4 0 21 2
3 0 22 1
4 2 15 6
4 3 16 5
4 4 17 4
4 5 18 3
4 6 19 2
4 7 20 1
4 5 20 1
4 4 19 2
4 5 20 1
4 3 20 1
4 3 18 3
4 4 19 2
4 5 20 1
4 2 19 6
4 1 20 5
4 0 21 4
3 0 22 3
2 0 23 2
1 0 24 1
3 0 24 1
4 0 23 2
3 0 24 1
4 1 24 1
4 1 22 3
4 0 23 2
3 0 24 1
4 2 17 6
4 3 18 5
4 4 19 4
4 5 20 3
4 6 21 2
4 7 22 1
4 5 22 1
4 4 21 2
4 5 22 1
4 1 18 5
4 0 19 4
3 0 20 3
2 0 21 2
1 0 22 1
3 0 22 1
4 0 21 2
3 0 22 1
4 1 22 1
4 1 20 3
4 0 21 2
3 0 22 1
4 1 16 5
4 2 17 6
4 3 18 5
4 4 19 4
4 5 20 3
4 6 21 2
4 7 22 1
4 5 22 1
4 4 21 2
4 5 22 1
4 3 22 1
4 3 20 3
4 4 21 2
4 5 22 1
4 1 18 5
4 0 19 4
3 0 20 3
2 0 21 2
1 0 22 1
3 0 22 1
4 0 21 2
3 0 22 1
4 0 17 4
3 0 18 3
2 0 19 2
1 0 20 1
3 0 20 1
4 0 19 2
3 0 20 1
4 1 20 1
4 1 18 3
4 2 19 6
4 3 20 5
4 4 21 4
4 5 22 3
4 6 23 2
4 7 24 1
4 5 24 1
4 4 23 2
4 5 24 1
4 3 24 1
4 3 22 3
4 4 23 2
4 5 24 1
4 0 19 2
3 0 20 1
4 1 14 5
4 2 15 6
4 3 16 5
4 4 17 4
4 5 18 3
4 6 19 2
4 7 20 1
4 5 20 1
4 4 19 2
4 5 20 1
4 3 20 1
4 3 18 3
4 4 19 2
4 5 20 1
4 3 20 1
4 2 19 6
4 3 20 5
4 4 21 4
4 5 22 3
4 6 23 2
4 7 24 1
4 5 24 1
4 4 23 2
4 5 24 1
4 1 20 5
4 0 21 4
3 0 22 3
2 0 23 2
1 0 24 1
3 0 24 1
4 0 23 2
3 0 24 1
4 2 17 6
4 3 18 5
4 4 19 4
4 5 20 3
4 6 21 2
4 7 22 1
4 5 22 1
4 4 21 2
4 5 22 1
4 3 22 1
4 3 20 3
4 4 21 2
4 5 22 1
4 1 18 5
4 0 19 4
3 0 20 3
2 0 21 2
1 0 22 1
3 0 22 1
4 0 21 2
3 0 22 1
4 1 16 5
4 2 17 6
4 3 18 5
4 4 19 4
4 5 20 3
4 6 21 2
4 7 22 1
4 5 22 1
4 4 21 2
4 5 22 1
4 3 22 1
4 3 20 3
4 4 21 2
4 5 22 1
4 3 22 1
4 0 17 4
3 0 18 3
2 0 19 2
1 0 20 1
3 0 20 1
4 0 19 2
3 0 20 1
4 0 15 4
3 0 16 3
2 0 17 2
1 0 18 1
3 0 18 1
4 0 17 2
3 0 18 1
4 1 18 1
4 1 16 3
4 2 17 6
4 3 18 5
4 4 19 4
4 5 20 3
4 6 21 2
4 7 22 1
4 5 22 1
4 4 21 2
4 5 22 1
4 3 22 1
4 3 20 3
4 4 21 2
4 5 22 1
4 3 22 1
4 2 21 6
4 3 22 5
4 4 23 4
4 5 24 3
4 6 25 2
4 7 26 1
4 5 26 1
4 4 25 2
4 5 26 1
4 2 19 6
4 3 20 5
4 4 21 4
4 5 22 3
4 6 23 2
4 7 24 1
4 5 24 1
4 4 23 2
4 5 24 1
4 3 24 1
4 3 22 3
4 4 23 2
4 5 24 1
4 0 17 2
3 0 18 1
4 0 13 1
2 0 7 5
1 0 8 4
0 0 9 3
1 0 10 2
0 0 11 1
2 0 11 1
0 1 10 2
0 2 11 1
0 0 11 1
2 0 9 3
1 0 10 2
0 0 11 1
3 0 10 2
4 0 11 1
2 1 10 6
2 2 11 5
3 0 8 4
2 0 9 3
1 0 10 2
0 0 11 1
3 0 10 2
4 0 11 1
2 1 10 6
2 2 11 5
4 0 9 3
3 0 10 2
2 0 11 1
4 0 11 1
4 1 10 2
4 2 11 6
4 3 12 5
4 4 13 4
4 5 14 3
4 6 15 2
4 7 16 1
4 5 16 1
4 4 15 2
4 5 16 1
4 3 16 1
4 3 14 3
4 4 15 2
4 5 16 1
4 3 16 1
4 2 15 6
4 3 16 5
4 4 17 4
4 5 18 3
4 6 19 2
4 7 20 1
4 5 20 1
4 4 19 2
4 5 20 1
4 2 17 6
4 1 18 5
4 0 19 4
3 0 20 3
2 0 21 2
1 0 22 1
3 0 22 1
2 1 22 6
2 2 23 5
4 0 21 2
3 0 22 1
4 1 22 1
4 1 20 3
4 0 21 2
3 0 22 1
4 1 16 5
4 2 17 6
4 3 18 5
4 4 19 4
4 5 20 3
4 6 21 2
4 7 22 1
4 5 22 1
4 4 21 2
4 5 22 1
4 1 18 5
4 0 19 4
3 0 20 3
2 0 21 2
1 0 22 1
3 0 22 1
2 1 22 6
2 2 23 5
4 0 21 2
3 0 22 1
4 0 17 4
3 0 18 3
2 0 19 2
1 0 20 1
3 0 20 1
2 1 20 6
2 2 21 5
4 0 19 2
3 0 20 1
4 1 20 1
4 1 18 3
4 2 19 6
4 3 20 5
4 4 21 4
4 5 22 3
4 6 23 2
4 7 24 1
4 5 24 1
4 4 23 2
4 5 24 1
4 0 19 2
3 0 20 1
4 2 13 6
4 3 14 5
4 4 15 4
4 5 16 3
4 6 17 2
4 7 18 1
4 5 18 1
4 4 17 2
4 5 18 1
4 3 18 1
4 3 16 3
4 4 17 2
4 5 18 1
4 2 17 6
4 1 18 5
4 0 19 4
3 0 20 3
2 0 21 2
1 0 22 1
3 0 22 1
2 1 22 6
2 2 23 5
4 0 21 2
3 0 22 1
4 1 22 1
4 1 20 3
4 0 21 2
3 0 22 1
4 2 15 6
4 3 16 5
4 4 17 4
4 5 18 3
4 6 19 2
4 7 20 1
4 5 20 1
4 4 19 2
4 5 20 1
4 1 16 5
4 0 17 4
3 0 18 3
2 0 19 2
1 0 20 1
3 0 20 1
2 1 20 6
2 2 21 5
4 0 19 2
3 0 20 1
4 1 20 1
4 1 18 3
4 0 19 2
3 0 20 1
4 1 14 5
4 2 15 6
4 3 16 5
4 4 17 4
4 5 18 3
4 6 19 2
4 7 20 1
4 5 20 1
4 4 19 2
4 5 20 1
4 3 20 1
4 3 18 3
4 4 19 2
4 5 20 1
4 1 16 5
4 0 17 4
3 0 18 3
2 0 19 2
1 0 20 1
3 0 20 1
2 1 20 6
2 2 21 5
4 0 19 2
3 0 20 1
4 0 15 4
3 0 16 3
2 0 17 2
1 0 18 1
3 0 18 1
2 1 18 6
2 2 19 5
4 0 17 2
3 0 18 1
4 1 18 1
4 1 16 3
4 2 17 6
4 3 18 5
4 4 19 4
4 5 20 3
4 6 21 2
4 7 22 1
4 5 22 1
4 4 21 2
4 5 22 1
4 3 22 1
4 3 20 3
4 4 21 2
4 5 22 1
4 0 17 2
3 0 18 1
4 1 12 5
4 2 13 6
4 3 14 5
4 4 15 4
4 5 16 3
4 6 17 2
4 7 18 1
4 5 18 1
4 4 17 2
4 5 18 1
4 3 18 1
4 3 16 3
4 4 17 2
4 5 18 1
4 3 18 1
4 2 17 6
4 3 18 5
4 4 19 4
4 5 20 3
4 6 21 2
4 7 22 1
4 5 22 1
4 4 21 2
4 5 22 1
4 1 18 5
4 0 19 4
3 0 20 3
2 0 21 2
1 0 22 1
3 0 22 1
2 1 22 6
2 2 23 5
4 0 21 2
3 0 22 1
4 2 15 6
4 3 16 5
4 4 17 4
4 5 18 3
4 6 19 2
4 7 20 1
4 5 20 1
4 4 19 2
4 5 20 1
4 3 20 1
4 3 18 3
4 4 19 2
4 5 20 1
4 1 16 5
4 0 17 4
3 0 18 3
2 0 19 2
1 0 20 1
3 0 20 1
2 1 20 6
2 2 21 5
4 0 19 2
3 0 20 1
4 1 14 5
4 2 15 6
4 3 16 5
4 4 17 4
4 5 18 3
4 6 19 2
4 7 20 1
4 5 20 1
4 4 19 2
4 5 20 1
4 3 20 1
4 3 18 3
4 4 19 2
4 5 20 1
4 3 20 1
4 0 15 4
3 0 16 3
2 0 17 2
1 0 18 1
3 0 18 1
2 1 18 6
2 2 19 5
4 0 17 2
3 0 18 1
4 0 13 4
3 0 14 3
2 0 15 2
1 0 16 1
3 0 16 1
2 1 16 6
2 2 17 5
4 0 15 2
3 0 16 1
4 1 16 1
4 1 14 3
4 2 15 6
4 3 16 5
4 4 17 4
4 5 18 3
4 6 19 2
4 7 20 1
4 5 20 1
4 4 19 2
4 5 20 1
4 3 20 1
4 3 18 3
4 4 19 2
4 5 20 1
4 3 20 1
4 2 19 6
4 3 20 5
4 4 21 4
4 5 22 3
4 6 23 2
4 7 24 1
4 5 24 1
4 4 23 2
4 5 24 1
4 2 17 6
4 3 18 5
4 4 19 4
4 5 20 3
4 6 21 2
4 7 22 1
4 5 22 1
4 4 21 2
4 5 22 1
4 3 22 1
4 3 20 3
4 4 21 2
4 5 22 1
4 0 15 2
3 0 16 1
4 0 11 1
2 1 8 6
2 2 9 5
2 0 9 5
1 0 10 4
0 0 11 3
1 0 12 2
0 0 13 1
0 1 12 2
0 2 13 1
0 0 13 1
3 0 10 4
4 0 11 3
3 0 12 2
4 0 13 1
4 1 12 2
4 2 13 6
4 3 14 5
4 4 15 4
4 5 16 3
4 6 17 2
4 7 18 1
4 5 18 1
4 4 17 2
4 5 18 1
4 3 18 1
4 3 16 3
4 4 17 2
4 5 18 1
4 3 18 1
4 2 17 6
4 3 18 5
4 4 19 4
4 5 20 3
4 6 21 2
4 7 22 1
4 5 22 1
4 4 21 2
4 5 22 1
4 2 19 6
4 1 20 5
4 0 21 4
3 0 22 3
4 0 23 2
3 0 24 1
4 1 24 1
4 1 22 3
4 0 23 2
3 0 24 1
4 1 18 5
4 2 19 6
4 3 20 5
4 4 21 4
4 5 22 3
4 6 23 2
4 7 24 1
4 5 24 1
4 4 23 2
4 5 24 1
4 1 20 5
4 0 21 4
3 0 22 3
4 0 23 2
3 0 24 1
4 0 19 4
3 0 20 3
4 0 21 2
3 0 22 1
4 1 22 1
4 1 20 3
4 2 21 6
4 3 22 5
4 4 23 4
4 5 24 3
4 6 25 2
4 7 26 1
4 5 26 1
4 4 25 2
4 5 26 1
4 0 21 2
3 0 22 1
4 2 15 6
4 3 16 5
4 4 17 4
4 5 18 3
4 6 19 2
4 7 20 1
4 5 20 1
4 4 19 2
4 5 20 1
4 3 20 1
4 3 18 3
4 4 19 2
4 5 20 1
4 2 19 6
4 1 20 5
4 0 21 4
3 0 22 3
4 0 23 2
3 0 24 1
4 1 24 1
4 1 22 3
4 0 23 2
3 0 24 1
4 2 17 6
4 3 18 5
4 4 19 4
4 5 20 3
4 6 21 2
4 7 22 1
4 5 22 1
4 4 21 2
4 5 22 1
4 1 18 5
4 0 19 4
3 0 20 3
4 0 21 2
3 0 22 1
4 1 22 1
4 1 20 3
4 0 21 2
3 0 22 1
4 1 16 5
4 2 17 6
4 3 18 5
4 4 19 4
4 5 20 3
4 6 21 2
4 7 22 1
4 5 22 1
4 4 21 2
4 5 22 1
4 3 22 1
4 3 20 3
4 4 21 2
4 5 22 1
4 1 18 5
4 0 19 4
3 0 20 3
4 0 21 2
3 0 22 1
4 0 17 4
3 0 18 3
4 0 19 2
3 0 20 1
4 1 20 1
4 1 18 3
4 2 19 6
4 3 20 5
4 4 21 4
4 5 22 3
4 6 23 2
4 7 24 1
4 5 24 1
4 4 23 2
4 5 24 1
4 3 24 1
4 3 22 3
4 4 23 2
4 5 24 1
4 0 19 2
3 0 20 1
4 1 14 5
4 2 15 6
4 3 16 5
4 4 17 4
4 5 18 3
4 6 19 2
4 7 20 1
4 5 20 1
4 4 19 2
4 5 20 1
4 3 20 1
4 3 18 3
4 4 19 2
4 5 20 1
4 3 20 1
4 2 19 6
4 3 20 5
4 4 21 4
4 5 22 3
4 6 23 2
4 7 24 1
4 5 24 1
4 4 23 2
4 5 24 1
4 1 20 5
4 0 21 4
3 0 22 3
4 0 23 2
3 0 24 1
4 2 17 6
4 3 18 5
4 4 19 4
4 5 20 3
4 6 21 2
4 7 22 1
4 5 22 1
4 4 21 2
4 5 22 1
4 3 22 1
4 3 20 3
4 4 21 2
4 5 22 1
4 1 18 5
4 0 19 4
3 0 20 3
4 0 21 2
3 0 22 1
4 1 16 5
4 2 17 6
4 3 18 5
4 4 19 4
4 5 20 3
4 6 21 2
4 7 22 1
4 5 22 1
4 4 21 2
4 5 22 1
4 3 22 1
4 3 20 3
4 4 21 2
4 5 22 1
4 3 22 1
4 0 17 4
3 0 18 3
4 0 19 2
3 0 20 1
4 0 15 4
3 0 16 3
4 0 17 2
3 0 18 1
4 1 18 1
4 1 16 3
4 2 17 6
4 3 18 5
4 4 19 4
4 5 20 3
4 6 21 2
4 7 22 1
4 5 22 1
4 4 21 2
4 5 22 1
4 3 22 1
4 3 20 3
4 4 21 2
4 5 22 1
4 3 22 1
4 2 21 6
4 3 22 5
4 4 23 4
4 5 24 3
4 6 25 2
4 7 26 1
4 5 26 1
4 4 25 2
4 5 26 1
4 2 19 6
4 3 20 5
4 4 21 4
4 5 22 3
4 6 23 2
4 7 24 1
4 5 24 1
4 4 23 2
4 5 24 1
4 3 24 1
4 3 22 3
4 4 23 2
4 5 24 1
4 0 17 2
3 0 18 1
4 0 13 1
2 0 5 5
1 0 6 4
0 0 7 3
1 0 8 2
0 0 9 1
2 0 9 1
0 1 8 2
0 2 9 1
0 0 9 1
2 0 7 3
1 0 8 2
0 0 9 1
3 0 8 2
4 0 9 1
2 1 8 6
2 2 9 5
2 1 10 6
2 2 11 5
3 0 6 4
2 0 7 3
1 0 8 2
0 0 9 1
3 0 8 2
4 0 9 1
2 1 8 6
2 2 9 5
2 1 10 6
2 2 11 5
4 0 7 3
3 0 8 2
2 0 9 1
4 0 9 1
4 1 8 2
4 2 9 6
4 3 10 5
4 4 11 4
4 5 12 3
4 6 13 2
4 7 14 1
4 5 14 1
4 4 13 2
4 5 14 1
4 3 14 1
4 3 12 3
4 4 13 2
4 5 14 1
4 3 14 1
4 2 13 6
4 3 14 5
4 4 15 4
4 5 16 3
4 6 17 2
4 7 18 1
4 5 18 1
4 4 17 2
4 5 18 1
4 2 15 6
4 1 16 5
4 0 17 4
3 0 18 3
2 0 19 2
1 0 20 1
3 0 20 1
2 1 20 6
2 2 21 5
2 1 22 6
2 2 23 5
4 0 19 2
3 0 20 1
4 1 20 1
4 1 18 3
4 0 19 2
3 0 20 1
4 1 14 5
4 2 15 6
4 3 16 5
4 4 17 4
4 5 18 3
4 6 19 2
4 7 20 1
4 5 20 1
4 4 19 2
4 5 20 1
4 1 16 5
4 0 17 4
3 0 18 3
2 0 19 2
1 0 20 1
3 0 20 1
2 1 20 6
2 2 21 5
2 1 22 6
2 2 23 5
4 0 19 2
3 0 20 1
4 0 15 4
3 0 16 3
2 0 17 2
1 0 18 1
3 0 18 1
2 1 18 6
2 2 19 5
2 1 20 6
2 2 21 5
4 0 17 2
3 0 18 1
4 1 18 1
4 1 16 3
4 2 17 6
4 3 18 5
4 4 19 4
4 5 20 3
4 6 21 2
4 7 22 1
4 5 22 1
4 4 21 2
4 5 22 1
4 0 17 2
3 0 18 1
4 2 11 6
4 3 12 5
4 4 13 4
4 5 14 3
4 6 15 2
4 7 16 1
4 5 16 1
4 4 15 2
4 5 16 1
4 3 16 1
4 3 14 3
4 4 15 2
4 5 16 1
4 2 15 6
4 1 16 5
4 0 17 4
3 0 18 3
2 0 19 2
1 0 20 1
3 0 20 1
2 1 20 6
2 2 21 5
2 1 22 6
2 2 23 5
4 0 19 2
3 0 20 1
4 1 20 1
4 1 18 3
4 0 19 2
3 0 20 1
4 2 13 6
4 3 14 5
4 4 15 4
4 5 16 3
4 6 17 2
4 7 18 1
4 5 18 1
4 4 17 2
4 5 18 1
4 1 14 5
4 0 15 4
3 0 16 3
2 0 17 2
1 0 18 1
3 0 18 1
2 1 18 6
2 2 19 5
2 1 20 6
2 2 21 5
4 0 17 2
3 0 18 1
4 1 18 1
4 1 16 3
4 0 17 2
3 0 18 1
4 1 12 5
4 2 13 6
4 3 14 5
4 4 15 4
4 5 16 3
4 6 17 2
4 7 18 1
4 5 18 1
4 4 17 2
4 5 18 1
4 3 18 1
4 3 16 3
4 4 17 2
4 5 18 1
4 1 14 5
4 0 15 4
3 0 16 3
2 0 17 2
1 0 18 1
3 0 18 1
2 1 18 6
2 2 19 5
2 1 20 6
2 2 21 5
4 0 17 2
3 0 18 1
4 0 13 4
3 0 14 3
2 0 15 2
1 0 16 1
3 0 16 1
2 1 16 6
2 2 17 5
2 1 18 6
2 2 19 5
4 0 15 2
3 0 16 1
4 1 16 1
4 1 14 3
4 2 15 6
4 3 16 5
4 4 17 4
4 5 18 3
4 6 19 2
4 7 20 1
4 5 20 1
4 4 19 2
4 5 20 1
4 3 20 1
4 3 18 3
4 4 19 2
4 5 20 1
4 0 15 2
3 0 16 1
4 1 10 5
4 2 11 6
4 3 12 5
4 4 13 4
4 5 14 3
4 6 15 2
4 7 16 1
4 5 16 1
4 4 15 2
4 5 16 1
4 3 16 1
4 3 14 3
4 4 15 2
4 5 16 1
4 3 16 1
4 2 15 6
4 3 16 5
4 4 17 4
4 5 18 3
4 6 19 2
4 7 20 1
4 5 20 1
4 4 19 2
4 5 20 1
4 1 16 5
4 0 17 4
3 0 18 3
2 0 19 2
1 0 20 1
3 0 20 1
2 1 20 6
2 2 21 5
2 1 22 6
2 2 23 5
4 0 19 2
3 0 20 1
4 2 13 6
4 3 14 5
4 4 15 4
4 5 16 3
4 6 17 2
4 7 18 1
4 5 18 1
4 4 17 2
4 5 18 1
4 3 18 1
4 3 16 3
4 4 17 2
4 5 18 1
4 1 14 5
4 0 15 4
3 0 16 3
2 0 17 2
1 0 18 1
3 0 18 1
2 1 18 6
2 2 19 5
2 1 20 6
2 2 21 5
4 0 17 2
3 0 18 1
4 1 12 5
4 2 13 6
4 3 14 5
4 4 15 4
4 5 16 3
4 6 17 2
4 7 18 1
4 5 18 1
4 4 17 2
4 5 18 1
4 3 18 1
4 3 16 3
4 4 17 2
4 5 18 1
4 3 18 1
4 0 13 4
3 0 14 3
2 0 15 2
1 0 16 1
3 0 16 1
2 1 16 6
2 2 17 5
2 1 18 6
2 2 19 5
4 0 15 2
3 0 16 1
4 0 11 4
3 0 12 3
2 0 13 2
1 0 14 1
3 0 14 1
2 1 14 6
2 2 15 5
2 1 16 6
2 2 17 5
4 0 13 2
3 0 14 1
4 1 14 1
4 1 12 3
4 2 13 6
4 3 14 5
4 4 15 4
4 5 16 3
4 6 17 2
4 7 18 1
4 5 18 1
4 4 17 2
4 5 18 1
4 3 18 1
4 3 16 3
4 4 17 2
4 5 18 1
4 3 18 1
4 2 17 6
4 3 18 5
4 4 19 4
4 5 20 3
4 6 21 2
4 7 22 1
4 5 22 1
4 4 21 2
4 5 22 1
4 2 15 6
4 3 16 5
4 4 17 4
4 5 18 3
4 6 19 2
4 7 20 1
4 5 20 1
4 4 19 2
4 5 20 1
4 3 20 1
4 3 18 3
4 4 19 2
4 5 20 1
4 0 13 2
3 0 14 1
4 0 9 1
2 1 6 6
2 2 7 5
2 1 8 6
2 2 9 5
2 0 9 5
1 0 10 4
0 0 11 3
1 0 12 2
0 0 13 1
0 1 12 2
0 2 13 1
0 0 13 1
3 0 10 4
4 0 11 3
3 0 12 2
4 0 13 1
4 1 12 2
4 2 13 6
4 3 14 5
4 4 15 4
4 5 16 3
4 6 17 2
4 7 18 1
4 5 18 1
4 4 17 2
4 5 18 1
4 3 18 1
4 3 16 3
4 4 17 2
4 5 18 1
4 3 18 1
4 2 17 6
4 3 18 5
4 4 19 4
4 5 20 3
4 6 21 2
4 7 22 1
4 5 22 1
4 4 21 2
4 5 22 1
4 2 19 6
4 1 20 5
4 0 21 4
3 0 22 3
4 0 23 2
3 0 24 1
4 1 24 1
4 1 22 3
4 0 23 2
3 0 24 1
4 1 18 5
4 2 19 6
4 3 20 5
4 4 21 4
4 5 22 3
4 6 23 2
4 7 24 1
4 5 24 1
4 4 23 2
4 5 24 1
4 1 20 5
4 0 21 4
3 0 22 3
4 0 23 2
3 0 24 1
4 0 19 4
3 0 20 3
4 0 21 2
3 0 22 1
4 1 22 1
4 1 20 3
4 2 21 6
4 3 22 5
4 4 23 4
4 5 24 3
4 6 25 2
4 7 26 1
4 5 26 1
4 4 25 2
4 5 26 1
4 0 21 2
3 0 22 1
4 2 15 6
4 3 16 5
4 4 17 4
4 5 18 3
4 6 19 2
4 7 20 1
4 5 20 1
4 4 19 2
4 5 20 1
4 3 20 1
4 3 18 3
4 4 19 2
4 5 20 1
4 2 19 6
4 1 20 5
4 0 21 4
3 0 22 3
4 0 23 2
3 0 24 1
4 1 24 1
4 1 22 3
4 0 23 2
3 0 24 1
4 2 17 6
4 3 18 5
4 4 19 4
4 5 20 3
4 6 21 2
4 7 22 1
4 5 22 1
4 4 21 2
4 5 22 1
4 1 18 5
4 0 19 4
3 0 20 3
4 0 21 2
3 0 22 1
4 1 22 1
4 1 20 3
4 0 21 2
3 0 22 1
4 1 16 5
4 2 17 6
4 3 18 5
4 4 19 4
4 5 20 3
4 6 21 2
4 7 22 1
4 5 22 1
4 4 21 2
4 5 22 1
4 3 22 1
4 3 20 3
4 4 21 2
4 5 22 1
4 1 18 5
4 0 19 4
3 0 20 3
4 0 21 2
3 0 22 1
4 0 17 4
3 0 18 3
4 0 19 2
3 0 20 1
4 1 20 1
4 1 18 3
4 2 19 6
4 3 20 5
4 4 21 4
4 5 22 3
4 6 23 2
4 7 24 1
4 5 24 1
4 4 23 2
4 5 24 1
4 3 24 1
4 3 22 3
4 4 23 2
4 5 24 1
4 0 19 2
3 0 20 1
4 1 14 5
4 2 15 6
4 3 16 5
4 4 17 4
4 5 18 3
4 6 19 2
4 7 20 1
4 5 20 1
4 4 19 2
4 5 20 1
4 3 20 1
4 3 18 3
4 4 19 2
4 5 20 1
4 3 20 1
4 2 19 6
4 3 20 5
4 4 21 4
4 5 22 3
4 6 23 2
4 7 24 1
4 5 24 1
4 4 23 2
4 5 24 1
4 1 20 5
4 0 21 4
3 0 22 3
4 0 23 2
3 0 24 1
4 2 17 6
4 3 18 5
4 4 19 4
4 5 20 3
4 6 21 2
4 7 22 1
4 5 22 1
4 4 21 2
4 5 22 1
4 3 22 1
4 3 20 3
4 4 21 2
4 5 22 1
4 1 18 5
4 0 19 4
3 0 20 3
4 0 21 2
3 0 22 1
4 1 16 5
4 2 17 6
4 3 18 5
4 4 19 4
4 5 20 3
4 6 21 2
4 7 22 1
4 5 22 1
4 4 21 2
4 5 22 1
4 3 22 1
4 3 20 3
4 4 21 2
4 5 22 1
4 3 22 1
4 0 17 4
3 0 18 3
4 0 19 2
3 0 20 1
4 0 15 4
3 0 16 3
4 0 17 2
3 0 18 1
4 1 18 1
4 1 16 3
4 2 17 6
4 3 18 5
4 4 19 4
4 5 20 3
4 6 21 2
4 7 22 1
4 5 22 1
4 4 21 2
4 5 22 1
4 3 22 1
4 3 20 3
4 4 21 2
4 5 22 1
4 3 22 1
4 2 21 6
4 3 22 5
4 4 23 4
4 5 24 3
4 6 25 2
4 7 26 1
4 5 26 1
4 4 25 2
4 5 26 1
4 2 19 6
4 3 20 5
4 4 21 4
4 5 22 3
4 6 23 2
4 7 24 1
4 5 24 1
4 4 23 2
4 5 24 1
4 3 24 1
4 3 22 3
4 4 23 2
4 5 24 1
4 0 17 2
3 0 18 1
4 0 13 1
2 0 7 5
1 0 8 4
0 0 9 3
1 0 10 2
0 0 11 1
0 1 10 2
0 2 11 1
0 0 11 1
3 0 8 4
4 0 9 3
3 0 10 2
4 0 11 1
4 1 10 2
4 2 11 6
4 3 12 5
4 4 13 4
4 5 14 3
4 6 15 2
4 7 16 1
4 5 16 1
4 4 15 2
4 5 16 1
4 3 16 1
4 3 14 3
4 4 15 2
4 5 16 1
4 3 16 1
4 2 15 6
4 3 16 5
4 4 17 4
4 5 18 3
4 6 19 2
4 7 20 1
4 5 20 1
4 4 19 2
4 5 20 1
4 2 17 6
4 1 18 5
4 0 19 4
3 0 20 3
4 0 21 2
3 0 22 1
4 1 22 1
4 1 20 3
4 0 21 2
3 0 22 1
4 1 16 5
4 2 17 6
4 3 18 5
4 4 19 4
4 5 20 3
4 6 21 2
4 7 22 1
4 5 22 1
4 4 21 2
4 5 22 1
4 1 18 5
4 0 19 4
3 0 20 3
4 0 21 2
3 0 22 1
4 0 17 4
3 0 18 3
4 0 19 2
3 0 20 1
4 1 20 1
4 1 18 3
4 2 19 6
4 3 20 5
4 4 21 4
4 5 22 3
4 6 23 2
4 7 24 1
4 5 24 1
4 4 23 2
4 5 24 1
4 0 19 2
3 0 20 1
4 2 13 6
4 3 14 5
4 4 15 4
4 5 16 3
4 6 17 2
4 7 18 1
4 5 18 1
4 4 17 2
4 5 18 1
4 3 18 1
4 3 16 3
4 4 17 2
4 5 18 1
4 2 17 6
4 1 18 5
4 0 19 4
3 0 20 3
4 0 21 2
3 0 22 1
4 1 22 1
4 1 20 3
4 0 21 2
3 0 22 1
4 2 15 6
4 3 16 5
4 4 17 4
4 5 18 3
4 6 19 2
4 7 20 1
4 5 20 1
4 4 19 2
4 5 20 1
4 1 16 5
4 0 17 4
3 0 18 3
4 0 19 2
3 0 20 1
4 1 20 1
4 1 18 3
4 0 19 2
3 0 20 1
4 1 14 5
4 2 15 6
4 3 16 5
4 4 17 4
4 5 18 3
4 6 19 2
4 7 20 1
4 5 20 1
4 4 19 2
4 5 20 1
4 3 20 1
4 3 18 3
4 4 19 2
4 5 20 1
4 1 16 5
4 0 17 4
3 0 18 3
4 0 19 2
3 0 20 1
4 0 15 4
3 0 16 3
4 0 17 2
3 0 18 1
4 1 18 1
4 1 16 3
4 2 17 6
4 3 18 5
4 4 19 4
4 5 20 3
4 6 21 2
4 7 22 1
4 5 22 1
4 4 21 2
4 5 22 1
4 3 22 1
4 3 20 3
4 4 21 2
4 5 22 1
4 0 17 2
3 0 18 1
4 1 12 5
4 2 13 6
4 3 14 5
4 4 15 4
4 5 16 3
4 6 17 2
4 7 18 1
4 5 18 1
4 4 17 2
4 5 18 1
4 3 18 1
4 3 16 3
4 4 17 2
4 5 18 1
4 3 18 1
4 2 17 6
4 3 18 5
4 4 19 4
4 5 20 3
4 6 21 2
4 7 22 1
4 5 22 1
4 4 21 2
4 5 22 1
4 1 18 5
4 0 19 4
3 0 20 3
4 0 21 2
3 0 22 1
4 2 15 6
4 3 16 5
4 4 17 4
4 5 18 3
4 6 19 2
4 7 20 1
4 5 20 1
4 4 19 2
4 5 20 1
4 3 20 1
4 3 18 3
4 4 19 2
4 5 20 1
4 1 16 5
4 0 17 4
3 0 18 3
4 0 19 2
3 0 20 1
4 1 14 5
4 2 15 6
4 3 16 5
4 4 17 4
4 5 18 3
4 6 19 2
4 7 20 1
4 5 20 1
4 4 19 2
4 5 20 1
4 3 20 1
4 3 18 3
4 4 19 2
4 5 20 1
4 3 20 1
4 0 15 4
3 0 16 3
4 0 17 2
3 0 18 1
4 0 13 4
3 0 14 3
4 0 15 2
3 0 16 1
4 1 16 1
4 1 14 3
4 2 15 6
4 3 16 5
4 4 17 4
4 5 18 3
4 6 19 2
4 7 20 1
4 5 20 1
4 4 19 2
4 5 20 1
4 3 20 1
4 3 18 3
4 4 19 2
4 5 20 1
4 3 20 1
4 2 19 6
4 3 20 5
4 4 21 4
4 5 22 3
4 6 23 2
4 7 24 1
4 5 24 1
4 4 23 2
4 5 24 1
4 2 17 6
4 3 18 5
4 4 19 4
4 5 20 3
4 6 21 2
4 7 22 1
4 5 22 1
4 4 21 2
4 5 22 1
4 3 22 1
4 3 20 3
4 4 21 2
4 5 22 1
4 0 15 2
3 0 16 1
4 0 11 1
2 1 8 6
2 2 9 5
0 1 2 4
0 2 3 3
0 3 4 2
0 4 5 1
0 2 5 1
0 1 4 2
0 2 5 1
0 0 5 1
0 0 3 3
1 0 4 2
0 0 5 1
2 0 5 1
0 1 4 2
0 2 5 1
0 0 5 1
17
